YR   MTH   ANOM
1949  12  -1.58
1950   1  -1.58
1950   2  -1.26
1950   3  -0.96
1950   4  -1.10
1950   5  -1.20
1950   6  -0.68
1950   7  -0.26
1950   8  -0.29
1950   9  -0.16
1950  10  -0.21
1950  11  -0.49
1950  12  -0.52
1951   1  -0.66
1951   2  -0.32
1951   3   0.46
1951   4   0.61
1951   5   0.72
1951   6   0.60
1951   7   0.75
1951   8   0.70
1951   9   0.99
1951  10   0.92
1951  11   1.03
1951  12   0.77
1952   1   0.59
1952   2   0.39
1952   3   0.35
1952   4   0.53
1952   5   0.43
1952   6  -0.02
1952   7  -0.19
1952   8   0.08
1952   9   0.21
1952  10   0.09
1952  11  -0.26
1952  12   0.13
1953   1   0.73
1953   2   0.72
1953   3   0.84
1953   4   0.75
1953   5   0.89
1953   6   0.89
1953   7   0.58
1953   8   0.52
1953   9   0.87
1953  10   0.71
1953  11   0.73
1953  12   0.99
1954   1   1.08
1954   2   0.89
1954   3   0.21
1954   4  -0.68
1954   5  -0.11
1954   6  -0.22
1954   7  -0.44
1954   8  -0.81
1954   9  -0.96
1954  10  -0.78
1954  11  -0.38
1954  12  -0.54
1955   1  -0.32
1955   2  -0.28
1955   3  -0.36
1955   4  -0.40
1955   5  -0.41
1955   6  -0.29
1955   7  -0.40
1955   8  -0.64
1955   9  -0.79
1955  10  -1.64
1955  11  -1.86
1955  12  -1.40
1956   1  -0.55
1956   2  -0.29
1956   3  -0.10
1956   4  -0.19
1956   5   0.12
1956   6  -0.08
1956   7  -0.29
1956   8  -0.47
1956   9  -0.22
1956  10  -0.24
1956  11  -0.53
1956  12  -0.33
1957   1   0.11
1957   2   0.36
1957   3   0.76
1957   4   1.07
1957   5   1.09
1957   6   1.13
1957   7   1.32
1957   8   1.23
1957   9   1.22
1957  10   1.23
1957  11   1.46
1957  12   1.85
1958   1   2.31
1958   2   1.90
1958   3   1.43
1958   4   0.88
1958   5   0.90
1958   6   0.72
1958   7   0.41
1958   8   0.35
1958   9   0.03
1958  10   0.15
1958  11   0.56
1958  12   0.45
1959   1   1.01
1959   2   0.85
1959   3   0.65
1959   4   0.49
1959   5   0.17
1959   6   0.08
1959   7  -0.45
1959   8  -0.34
1959   9  -0.43
1959  10  -0.09
1959  11  -0.26
1959  12   0.03
1960   1   0.17
1960   2  -0.09
1960   3   0.03
1960   4   0.07
1960   5   0.13
1960   6  -0.01
1960   7   0.00
1960   8   0.33
1960   9   0.17
1960  10   0.01
1960  11   0.02
1960  12  -0.01
1961   1   0.04
1961   2   0.11
1961   3   0.04
1961   4  -0.06
1961   5   0.32
1961   6   0.50
1961   7   0.20
1961   8  -0.11
1961   9  -0.37
1961  10  -0.48
1961  11  -0.08
1961  12  -0.15
1962   1  -0.14
1962   2  -0.11
1962   3  -0.02
1962   4  -0.22
1962   5  -0.42
1962   6  -0.14
1962   7  -0.08
1962   8  -0.11
1962   9  -0.35
1962  10  -0.30
1962  11  -0.56
1962  12  -0.51
1963   1  -0.42
1963   2  -0.20
1963   3   0.32
1963   4   0.38
1963   5   0.00
1963   6   0.31
1963   7   0.92
1963   8   0.97
1963   9   1.09
1963  10   1.08
1963  11   1.13
1963  12   1.46
1964   1   1.17
1964   2   0.76
1964   3   0.12
1964   4  -0.57
1964   5  -0.65
1964   6  -0.68
1964   7  -0.45
1964   8  -0.64
1964   9  -0.78
1964  10  -0.74
1964  11  -0.76
1964  12  -0.62
1965   1  -0.17
1965   2   0.03
1965   3   0.34
1965   4   0.08
1965   5   0.70
1965   6   1.09
1965   7   1.31
1965   8   1.75
1965   9   1.95
1965  10   2.12
1965  11   2.02
1965  12   1.98
1966   1   1.70
1966   2   1.27
1966   3   1.59
1966   4   0.92
1966   5   0.10
1966   6   0.35
1966   7   0.41
1966   8   0.04
1966   9  -0.05
1966  10  -0.06
1966  11  -0.11
1966  12  -0.20
1967   1  -0.20
1967   2  -0.12
1967   3  -0.28
1967   4  -0.78
1967   5  -0.12
1967   6   0.34
1967   7   0.31
1967   8   0.26
1967   9  -0.26
1967  10  -0.07
1967  11   0.10
1967  12   0.02
1968   1  -0.16
1968   2  -0.50
1968   3  -0.34
1968   4  -0.10
1968   5  -0.13
1968   6   0.71
1968   7   0.77
1968   8   0.59
1968   9   0.39
1968  10   0.36
1968  11   0.91
1968  12   1.04
1969   1   1.25
1969   2   1.42
1969   3   0.72
1969   4   0.41
1969   5   0.48
1969   6   0.16
1969   7   0.06
1969   8   0.48
1969   9   0.75
1969  10   0.94
1969  11   0.66
1969  12   0.62
1970   1   0.44
1970   2   0.45
1970   3   0.05
1970   4   0.25
1970   5   0.04
1970   6  -0.27
1970   7  -0.65
1970   8  -0.82
1970   9  -0.61
1970  10  -0.63
1970  11  -0.66
1970  12  -0.80
1971   1  -1.28
1971   2  -1.02
1971   3  -0.77
1971   4  -0.69
1971   5  -0.34
1971   6  -0.40
1971   7  -0.48
1971   8  -0.44
1971   9  -0.39
1971  10  -0.57
1971  11  -0.48
1971  12  -0.50
1972   1  -0.42
1972   2  -0.01
1972   3   0.49
1972   4   0.76
1972   5   1.07
1972   6   0.98
1972   7   1.30
1972   8   1.51
1972   9   1.67
1972  10   1.92
1972  11   2.29
1972  12   2.41
1973   1   2.09
1973   2   1.56
1973   3   0.54
1973   4  -0.44
1973   5  -0.86
1973   6  -0.99
1973   7  -1.34
1973   8  -1.39
1973   9  -1.46
1973  10  -1.78
1973  11  -2.15
1973  12  -1.92
1974   1  -1.57
1974   2  -1.12
1974   3  -0.88
1974   4  -0.86
1974   5  -0.84
1974   6  -0.67
1974   7  -0.41
1974   8  -0.03
1974   9  -0.13
1974  10  -0.39
1974  11  -0.57
1974  12  -0.39
1975   1   0.22
1975   2  -0.07
1975   3  -0.53
1975   4  -0.35
1975   5  -0.54
1975   6  -0.94
1975   7  -0.85
1975   8  -0.94
1975   9  -1.04
1975  10  -1.18
1975  11  -0.87
1975  12  -1.18
1976   1  -1.31
1976   2  -0.58
1976   3  -0.06
1976   4  -0.27
1976   5   0.00
1976   6   0.26
1976   7   0.44
1976   8   0.68
1976   9   0.88
1976  10   1.25
1976  11   1.16
1976  12   0.99
1977   1   1.24
1977   2   0.80
1977   3   0.74
1977   4   0.02
1977   5   0.17
1977   6   0.37
1977   7   0.51
1977   8   0.38
1977   9   0.84
1977  10   1.11
1977  11   0.95
1977  12   1.21
1978   1   0.98
1978   2   0.63
1978   3   0.17
1978   4  -0.40
1978   5  -0.32
1978   6  -0.37
1978   7  -0.20
1978   8  -0.39
1978   9  -0.25
1978  10   0.05
1978  11   0.06
1978  12   0.35
1979   1   0.11
1979   2   0.05
1979   3   0.30
1979   4   0.28
1979   5   0.03
1979   6  -0.08
1979   7  -0.19
1979   8   0.21
1979   9   0.58
1979  10   0.39
1979  11   0.50
1979  12   0.73
1980   1   0.74
1980   2   0.46
1980   3   0.22
1980   4   0.14
1980   5   0.27
1980   6   0.51
1980   7   0.20
1980   8  -0.13
1980   9  -0.05
1980  10   0.05
1980  11   0.17
1980  12   0.38
1981   1  -0.03
1981   2  -0.33
1981   3  -0.43
1981   4  -0.25
1981   5  -0.32
1981   6  -0.19
1981   7  -0.39
1981   8  -0.19
1981   9   0.05
1981  10  -0.21
1981  11  -0.31
1981  12  -0.05
1982   1   0.37
1982   2   0.09
1982   3   0.52
1982   4   0.59
1982   5   0.83
1982   6   0.90
1982   7   0.74
1982   8   1.11
1982   9   1.91
1982  10   2.41
1982  11   2.32
1982  12   2.56
1983   1   2.69
1983   2   2.22
1983   3   1.69
1983   4   1.23
1983   5   1.19
1983   6   0.60
1983   7  -0.08
1983   8  -0.22
1983   9  -0.43
1983  10  -1.12
1983  11  -1.26
1983  12  -1.03
1984   1  -0.59
1984   2   0.00
1984   3  -0.46
1984   4  -0.59
1984   5  -0.50
1984   6  -0.62
1984   7  -0.17
1984   8   0.11
1984   9  -0.16
1984  10  -0.40
1984  11  -0.98
1984  12  -1.10
1985   1  -0.91
1985   2  -0.46
1985   3  -0.45
1985   4  -0.92
1985   5  -0.69
1985   6  -0.53
1985   7  -0.38
1985   8  -0.15
1985   9  -0.38
1985  10  -0.11
1985  11  -0.05
1985  12  -0.12
1986   1  -0.35
1986   2  -0.55
1986   3  -0.10
1986   4   0.02
1986   5  -0.28
1986   6  -0.03
1986   7   0.15
1986   8   0.67
1986   9   0.91
1986  10   1.16
1986  11   1.37
1986  12   1.56
1987   1   1.54
1987   2   1.59
1987   3   1.30
1987   4   0.89
1987   5   0.71
1987   6   1.06
1987   7   1.37
1987   8   1.59
1987   9   1.68
1987  10   1.18
1987  11   0.94
1987  12   0.95
1988   1   0.88
1988   2   0.11
1988   3  -0.09
1988   4  -0.66
1988   5  -1.52
1988   6  -1.94
1988   7  -1.80
1988   8  -1.19
1988   9  -0.96
1988  10  -1.94
1988  11  -2.00
1988  12  -1.87
1989   1  -1.89
1989   2  -1.34
1989   3  -1.03
1989   4  -0.92
1989   5  -0.60
1989   6  -0.28
1989   7  -0.41
1989   8  -0.36
1989   9  -0.13
1989  10  -0.23
1989  11  -0.29
1989  12   0.08
1990   1   0.31
1990   2   0.33
1990   3   0.23
1990   4   0.25
1990   5   0.28
1990   6   0.11
1990   7   0.28
1990   8   0.41
1990   9   0.43
1990  10   0.34
1990  11   0.26
1990  12   0.55
1991   1   0.68
1991   2   0.56
1991   3   0.25
1991   4   0.39
1991   5   0.43
1991   6   0.68
1991   7   0.89
1991   8   0.86
1991   9   0.64
1991  10   1.24
1991  11   1.63
1991  12   2.22
1992   1   2.39
1992   2   2.34
1992   3   1.99
1992   4   1.79
1992   5   1.41
1992   6   0.84
1992   7   0.44
1992   8   0.33
1992   9   0.18
1992  10  -0.05
1992  11   0.07
1992  12   0.22
1993   1   0.48
1993   2   0.81
1993   3   0.78
1993   4   1.01
1993   5   1.11
1993   6   0.56
1993   7   0.47
1993   8   0.43
1993   9   0.63
1993  10   0.32
1993  11   0.15
1993  12   0.36
1994   1   0.31
1994   2   0.29
1994   3   0.39
1994   4   0.60
1994   5   0.63
1994   6   0.68
1994   7   0.61
1994   8   0.93
1994   9   0.90
1994  10   1.02
1994  11   1.40
1994  12   1.61
1995   1   1.29
1995   2   0.90
1995   3   0.66
1995   4   0.47
1995   5  -0.02
1995   6  -0.15
1995   7  -0.21
1995   8  -0.59
1995   9  -0.79
1995  10  -0.82
1995  11  -1.13
1995  12  -0.91
1996   1  -0.79
1996   2  -0.91
1996   3  -0.61
1996   4  -0.35
1996   5  -0.21
1996   6  -0.33
1996   7  -0.32
1996   8  -0.06
1996   9  -0.35
1996  10  -0.27
1996  11  -0.20
1996  12  -0.43
1997   1  -0.25
1997   2  -0.06
1997   3   0.03
1997   4   0.54
1997   5   0.98
1997   6   1.33
1997   7   1.71
1997   8   2.04
1997   9   2.26
1997  10   2.44
1997  11   2.43
1997  12   2.22
1998   1   2.37
1998   2   1.89
1998   3   1.19
1998   4   0.67
1998   5   0.45
1998   6  -0.69
1998   7  -1.25
1998   8  -1.56
1998   9  -1.40
1998  10  -1.60
1998  11  -1.56
1998  12  -1.73
1999   1  -1.65
1999   2  -1.26
1999   3  -0.93
1999   4  -1.07
1999   5  -1.00
1999   6  -0.96
1999   7  -1.00
1999   8  -1.01
1999   9  -0.89
1999  10  -1.02
1999  11  -1.43
1999  12  -1.70
2000   1  -1.73
2000   2  -1.58
2000   3  -0.90
2000   4  -0.78
2000   5  -0.66
2000   6  -0.44
2000   7  -0.39
2000   8  -0.30
2000   9  -0.43
2000  10  -0.62
2000  11  -0.68
2000  12  -0.77
2001   1  -0.60
2001   2  -0.53
2001   3  -0.50
2001   4  -0.55
2001   5  -0.32
2001   6  -0.14
2001   7   0.07
2001   8   0.05
2001   9  -0.12
2001  10  -0.07
2001  11  -0.31
2001  12  -0.37
2002   1  -0.11
2002   2   0.05
2002   3  -0.02
2002   4  -0.01
2002   5   0.35
2002   6   0.77
2002   7   0.87
2002   8   1.07
2002   9   1.31
2002  10   1.41
2002  11   1.60
2002  12   1.41
2003   1   0.56
2003   2   0.60
2003   3   0.31
2003   4  -0.25
2003   5  -0.74
2003   6  -0.30
2003   7   0.17
2003   8   0.14
2003   9   0.16
2003  10   0.27
2003  11   0.25
2003  12   0.44
2004   1   0.19
2004   2   0.12
2004   3   0.12
2004   4   0.08
2004   5   0.28
2004   6   0.40
2004   7   0.68
2004   8   0.92
2004   9   0.87
2004  10   0.78
2004  11   0.66
2004  12   0.74
2005   1   0.61
2005   2   0.30
2005   3   0.37
2005   4   0.25
2005   5   0.30
2005   6   0.05
2005   7  -0.26
2005   8  -0.09
2005   9   0.00
2005  10   0.02
2005  11  -0.55
2005  12  -0.98
2006   1  -1.01
2006   2  -0.80
2006   3  -0.83
2006   4  -0.33
2006   5  -0.09
2006   6   0.00
2006   7   0.02
2006   8   0.32
2006   9   0.58
2006  10   0.71
2006  11   0.97
2006  12   1.14
2007   1   0.65
2007   2   0.02
2007   3  -0.19
2007   4  -0.37
2007   5  -0.51
2007   6  -0.43
2007   7  -0.64
2007   8  -0.69
2007   9  -1.11
2007  10  -1.35
2007  11  -1.39
2007  12  -1.49
2008   1  -1.64
2008   2  -1.67
2008   3  -1.16
2008   4  -0.95
2008   5  -0.75
2008   6  -0.57
2008   7  -0.19
2008   8  -0.12
2008   9  -0.32
2008  10  -0.40
2008  11  -0.47
2008  12  -0.94
2009   1  -0.97
2009   2  -0.78
2009   3  -0.80
2009   4  -0.44
2009   5  -0.03
2009   6   0.15
2009   7   0.28
2009   8   0.34
2009   9   0.54
2009  10   0.80
2009  11   1.48
2009  12   1.75
2010   1   1.47
2010   2   1.14
2010   3   0.72
2010   4   0.06
2010   5  -0.62
2010   6  -1.04
2010   7  -1.30
2010   8  -1.52
2010   9  -1.71
2010  10  -1.81
2010  11  -1.69
2010  12  -1.65
2011   1  -1.53
2011   2  -1.11
2011   3  -0.92
2011   4  -0.73
2011   5  -0.43
2011   6  -0.28
2011   7  -0.30
2011   8  -0.56
2011   9  -0.67
2011  10  -0.99
2011  11  -1.16
2011  12  -1.01
2012   1  -0.81
2012   2  -0.64
2012   3  -0.51
2012   4  -0.54
2012   5  -0.36
2012   6   0.10
2012   7   0.36
2012   8   0.55
2012   9   0.40
2012  10   0.25
2012  11   0.06
2012  12  -0.48
2013   1  -0.70
2013   2  -0.72
2013   3  -0.40
2013   4  -0.38
2013   5  -0.52
2013   6  -0.42
2013   7  -0.35
2013   8  -0.39
2013   9  -0.22
2013  10  -0.24
2013  11  -0.21
2013  12  -0.23
2014   1  -0.56
2014   2  -0.69
2014   3  -0.33
2014   4   0.03
2014   5   0.16
2014   6   0.00
2014   7  -0.21
2014   8  -0.19
2014   9   0.14
2014  10   0.28
2014  11   0.65
2014  12   0.61
2015   1   0.42
2015   2   0.31
2015   3   0.40
2015   4   0.64
2015   5   0.80
2015   6   1.03
2015   7   1.25
2015   8   1.72
2015   9   1.95
2015  10   2.12
2015  11   2.48
2015  12   2.41
2016   1   2.20
2016   2   2.06
2016   3   1.27
2016   4   0.51
2016   5  -0.16
2016   6  -0.55
2016   7  -0.97
2016   8  -1.05
2016   9  -0.98
2016  10  -1.17
2016  11  -1.17
2016  12  -0.90
2017   1  -0.89
2017   2  -0.43
2017   3  -0.32
2017   4  -0.07
2017   5   0.13
2017   6   0.10
2017   7  -0.06
2017   8  -0.55
2017   9  -0.77
2017  10  -0.88
2017  11  -1.34
2017  12  -1.24
2018   1  -1.21
2018   2  -0.92
2018   3  -1.00
2018   4  -0.71
2018   5  -0.29
2018   6   0.07
2018   7   0.09
2018   8   0.00
2018   9   0.39
2018  10   0.80
2018  11   0.77
2018  12   0.74
2019   1   0.51
2019   2   0.60
2019   3   0.74
2019   4   0.46
2019   5   0.36
2019   6   0.19
2019   7   0.09
2019   8  -0.20
2019   9  -0.18
2019  10   0.29
2019  11   0.24
2019  12   0.17
2020   1   0.20
2020   2  -0.03
2020   3   0.07
2020   4  -0.11
2020   5  -0.80
2020   6  -0.77
2020   7  -0.70
2020   8  -0.97
2020   9  -1.13
2020  10  -1.58
2020  11  -1.70
2020  12  -1.36
2021   1  -1.06
2021   2  -1.12
2021   3  -0.94
2021   4  -0.88
2021   5  -0.56
2021   6  -0.39
2021   7  -0.60
2021   8  -0.78
2021   9  -0.77
2021  10  -1.21
2021  11  -1.21
2021  12  -1.28
2022   1  -1.23
2022   2  -1.13
2022   3  -1.29
2022   4  -1.43
2022   5  -1.31
2022   6  -0.93
2022   7  -0.72
2022   8  -1.07
2022   9  -1.23
2022  10  -1.11
2022  11  -1.01
2022  12  -1.02
2023   1  -0.87
2023   2  -0.61
2023   3  -0.39
2023   4  -0.32
2023   5   0.08
2023   6   0.46
2023   7   0.56
2023   8   0.84
2023   9   1.15
2023  10   1.31
2023  11   1.59
2023  12   1.57
2024   1   1.19
2024   2   0.83
2024   3   0.53
2024   4   0.10
2024   5  -0.47
2024   6  -0.41
2024   7  -0.49
2024   8  -0.63
2024   9  -0.79
2024  10  -0.86
2024  11  -0.81
2024  12  -1.14
2025   1  -1.29
2025   2  -0.98
2025   3  -0.44
2025   4  -0.59
2025   5  -0.54
2025   6  -0.33
2025   7  -0.41
2025   8  -0.69
2025   9  -0.81
2025  10  -0.81
2025  11  -0.99
2025  12  -0.99
2026   1  -0.93
2026   2  -0.72
2026   3  -0.51
